  1,0   15        1     0.000000000 19146  C  WS 299456 + 1 [0]
  1,0   15        2     0.000003084 19146  C  WS 20513 + 1 [0]
  1,0   15        3     0.000004122 19146  C  WS 160 + 1 [0]
  1,0   15        4     0.000004659 19146  C  WS 10400 + 1 [0]
  1,0   15        5     0.000004979 19146  C  WS 161 + 1 [0]
  1,0   15        6     0.000005519 19146  C  WS 10401 + 1 [0]
  1,0   15        7     0.000005869 19146  C  WS 162 + 1 [0]
  1,0   15        8     0.000006177 19146  C  WS 10402 + 1 [0]
  1,0   15        9     0.000006493 19146  C  WS 163 + 1 [0]
  1,0   15       10     0.000006837 19146  C  WS 10403 + 1 [0]
  1,0   15       11     0.000007173 19146  C  WS 164 + 1 [0]
  1,0   15       12     0.000007461 19146  C  WS 10404 + 1 [0]
  1,0   15       13     0.000007777 19146  C  WS 165 + 1 [0]
  1,0   15       14     0.000008160 19146  C  WS 10405 + 1 [0]
  1,0   15       15     0.000008467 19146  C  WS 166 + 1 [0]
  1,0   15       16     0.000008763 19146  C  WS 10406 + 1 [0]
  1,0   15       17     0.000009132 19146  C  WS 167 + 1 [0]
  1,0   15       18     0.000009481 19146  C  WS 10407 + 1 [0]
  1,0   15       19     0.000009828 19146  C  WS 168 + 1 [0]
  1,0   15       20     0.000010223 19146  C  WS 10408 + 1 [0]
  1,0   15       21     0.000051416 19146  C  WS 20512 + 1 [0]
  1,0   15       22     0.000054770 19146  C  WS 284240 + 1 [0]
  1,0   15       23     0.000055929 19146  C  WS 20513 + 1 [0]
  1,0   13        1 1266874889.670077392 19144  C  WS 284144 + 1 [0]
  1,0   13        2 1266874889.670080648 19144  C  WS 20512 + 1 [0]
  1,0   13        3 1266874889.670081594 19144  C  WS 158 + 1 [0]
  1,0   13        4 1266874889.670082239 19144  C  WS 10398 + 1 [0]
  1,0   13        5 1266874889.670082790 19144  C  WS 148 + 1 [0]
  1,0   13        6 1266874889.670083100 19144  C  WS 149 + 1 [0]
  1,0   13        7 1266874889.670083421 19144  C  WS 150 + 1 [0]
  1,0   13        8 1266874889.670083804 19144  C  WS 151 + 1 [0]
  1,0   13        9 1266874889.670084328 19144  C  WS 154 + 1 [0]
  1,0   13       10 1266874889.670084722 19144  C  WS 10388 + 1 [0]
  1,0   13       11 1266874889.670085010 19144  C  WS 10389 + 1 [0]
  1,0   13       12 1266874889.670085332 19144  C  WS 10390 + 1 [0]
  1,0   13       13 1266874889.670085730 19144  C  WS 10391 + 1 [0]
  1,0   13       14 1266874889.670086097 19144  C  WS 10394 + 1 [0]
  1,0   13       15 1266874889.670086451 19144  C  WS 159 + 1 [0]
  1,0   13       16 1266874889.670086798 19144  C  WS 10399 + 1 [0]
  1,0   13       17 1266874889.670087083 19144  C  WS 160 + 1 [0]
  1,0   13       18 1266874889.670087455 19144  C  WS 10400 + 1 [0]
  1,0   13       19 1266874889.670087770 19144  C  WS 42 + 1 [0]
  1,0   13       20 1266874889.670088146 19144  C  WS 10282 + 1 [0]
  1,0   13       21 1266874889.670088498 19144  C  WS 155 + 1 [0]
  1,0   13       22 1266874889.670088842 19144  C  WS 156 + 1 [0]
  1,0   13       23 1266874889.670089181 19144  C  WS 157 + 1 [0]
  1,0   13       24 1266874889.670089492 19144  C  WS 10395 + 1 [0]
  1,0   13       25 1266874889.670090128 19144  C  WS 10396 + 1 [0]
  1,0   13       26 1266874889.670090466 19144  C  WS 10397 + 1 [0]
  1,0   13       27 1266874889.670090875 19144  C  WS 45 + 1 [0]
  1,0   13       28 1266874889.670091166 19144  C  WS 46 + 1 [0]
  1,0   13       29 1266874889.670091571 19144  C  WS 47 + 1 [0]
  1,0   13       30 1266874889.670091928 19144  C  WS 48 + 1 [0]
  1,0   13       31 1266874889.670092248 19144  C  WS 49 + 1 [0]
  1,0   13       32 1266874889.670092713 19144  C  WS 10285 + 1 [0]
  1,0   13       33 1266874889.670093007 19144  C  WS 10286 + 1 [0]
  1,0   13       34 1266874889.670093387 19144  C  WS 10287 + 1 [0]
  1,0   13       35 1266874889.670093795 19144  C  WS 10288 + 1 [0]
  1,0   13       36 1266874889.670094087 19144  C  WS 10289 + 1 [0]
  1,0   13       37 1266874889.670094489 19144  C  WS 52 + 1 [0]
  1,0   13       38 1266874889.670094777 19144  C  WS 53 + 1 [0]
  1,0   13       39 1266874889.670095108 19144  C  WS 54 + 1 [0]
  1,0   13       40 1266874889.670095509 19144  C  WS 55 + 1 [0]
  1,0   13       41 1266874889.670095896 19144  C  WS 56 + 1 [0]
  1,0   13       42 1266874889.670096265 19144  C  WS 10292 + 1 [0]
  1,0   13       43 1266874889.670096596 19144  C  WS 10293 + 1 [0]
  1,0   13       44 1266874889.670096954 19144  C  WS 10294 + 1 [0]
  1,0   13       45 1266874889.670097339 19144  C  WS 10295 + 1 [0]
  1,0   13       46 1266874889.670097725 19144  C  WS 10296 + 1 [0]
  1,0   13       47 1266874889.670098175 19144  C  WS 59 + 1 [0]
  1,0   13       48 1266874889.670098465 19144  C  WS 60 + 1 [0]
  1,0   13       49 1266874889.670098777 19144  C  WS 61 + 1 [0]
  1,0   13       50 1266874889.670099110 19144  C  WS 62 + 1 [0]
  1,0   13       51 1266874889.670099748 19144  C  WS 63 + 1 [0]
  1,0   13       52 1266874889.670100080 19144  C  WS 10299 + 1 [0]
  1,0   13       53 1266874889.670100369 19144  C  WS 10300 + 1 [0]
  1,0   13       54 1266874889.670100687 19144  C  WS 10301 + 1 [0]
  1,0   13       55 1266874889.670101004 19144  C  WS 10302 + 1 [0]
  1,0   13       56 1266874889.670101408 19144  C  WS 10303 + 1 [0]
  1,0   13       57 1266874889.670101867 19144  C  WS 66 + 1 [0]
  1,0   13       58 1266874889.670102153 19144  C  WS 67 + 1 [0]
  1,0   13       59 1266874889.670102474 19144  C  WS 68 + 1 [0]
  1,0   13       60 1266874889.670102811 19144  C  WS 69 + 1 [0]
  1,0   13       61 1266874889.670103149 19144  C  WS 70 + 1 [0]
  1,0   13       62 1266874889.670103508 19144  C  WS 10306 + 1 [0]
  1,0   13       63 1266874889.670103795 19144  C  WS 10307 + 1 [0]
  1,0   13       64 1266874889.670104116 19144  C  WS 10308 + 1 [0]
  1,0   13       65 1266874889.670104461 19144  C  WS 10309 + 1 [0]
  1,0   13       66 1266874889.670104810 19144  C  WS 10310 + 1 [0]
  1,0   13       67 1266874889.670105319 19144  C  WS 73 + 1 [0]
  1,0   13       68 1266874889.670105605 19144  C  WS 74 + 1 [0]
  1,0   13       69 1266874889.670106017 19144  C  WS 75 + 1 [0]
  1,0   13       70 1266874889.670106328 19144  C  WS 76 + 1 [0]
  1,0   13       71 1266874889.670106695 19144  C  WS 10313 + 1 [0]
  1,0   13       72 1266874889.670107010 19144  C  WS 10314 + 1 [0]
  1,0   13       73 1266874889.670107331 19144  C  WS 10315 + 1 [0]
  1,0   13       74 1266874889.670107665 19144  C  WS 10316 + 1 [0]
  1,0   13       75 1266874889.670108066 19144  C  WS 79 + 1 [0]
  1,0   13       76 1266874889.670108418 19144  C  WS 80 + 1 [0]
  1,0   13       77 1266874889.670108734 19144  C  WS 81 + 1 [0]
  1,0   13       78 1266874889.670109089 19144  C  WS 82 + 1 [0]
  1,0   13       79 1266874889.670109411 19144  C  WS 83 + 1 [0]
  1,0   13       80 1266874889.670109814 19144  C  WS 10319 + 1 [0]
  1,0   13       81 1266874889.670110163 19144  C  WS 10320 + 1 [0]
  1,0   13       82 1266874889.670110445 19144  C  WS 10321 + 1 [0]
  1,0   13       83 1266874889.670110788 19144  C  WS 10322 + 1 [0]
  1,0   13       84 1266874889.670111109 19144  C  WS 10323 + 1 [0]
  1,0   13       85 1266874889.670111435 19144  C  WS 86 + 1 [0]
  1,0   13       86 1266874889.670111805 19144  C  WS 87 + 1 [0]
  1,0   13       87 1266874889.670112176 19144  C  WS 88 + 1 [0]
  1,0   13       88 1266874889.670112508 19144  C  WS 89 + 1 [0]
  1,0   13       89 1266874889.670112828 19144  C  WS 90 + 1 [0]
  1,0   13       90 1266874889.670113166 19144  C  WS 10326 + 1 [0]
  1,0   13       91 1266874889.670113779 19144  C  WS 10327 + 1 [0]
  1,0   13       92 1266874889.670114125 19144  C  WS 10328 + 1 [0]
  1,0   13       93 1266874889.670114405 19144  C  WS 10329 + 1 [0]
  1,0   13       94 1266874889.670114690 19144  C  WS 10330 + 1 [0]
  1,0   13       95 1266874889.670115006 19144  C  WS 93 + 1 [0]
  1,0   13       96 1266874889.670115322 19144  C  WS 94 + 1 [0]
  1,0   13       97 1266874889.670115739 19144  C  WS 95 + 1 [0]
  1,0   13       98 1266874889.670116077 19144  C  WS 96 + 1 [0]
  1,0   13       99 1266874889.670116365 19144  C  WS 97 + 1 [0]
  1,0   13      100 1266874889.670116677 19144  C  WS 10333 + 1 [0]
  1,0   13      101 1266874889.670117026 19144  C  WS 10334 + 1 [0]
  1,0   13      102 1266874889.670117404 19144  C  WS 10335 + 1 [0]
  1,0   13      103 1266874889.670117759 19144  C  WS 10336 + 1 [0]
  1,0   13      104 1266874889.670118046 19144  C  WS 10337 + 1 [0]
  1,0   13      105 1266874889.670118398 19144  C  WS 100 + 1 [0]
  1,0   13      106 1266874889.670118695 19144  C  WS 101 + 1 [0]
  1,0   13      107 1266874889.670119010 19144  C  WS 102 + 1 [0]
  1,0   13      108 1266874889.670119418 19144  C  WS 103 + 1 [0]
  1,0   13      109 1266874889.670119791 19144  C  WS 104 + 1 [0]
  1,0   13      110 1266874889.670120156 19144  C  WS 10340 + 1 [0]
  1,0   13      111 1266874889.670120451 19144  C  WS 10341 + 1 [0]
  1,0   13      112 1266874889.670120776 19144  C  WS 10342 + 1 [0]
  1,0   13      113 1266874889.670121304 19144  C  WS 10343 + 1 [0]
  1,0   13      114 1266874889.670121699 19144  C  WS 10344 + 1 [0]
  1,0   13      115 1266874889.670122100 19144  C  WS 107 + 1 [0]
  1,0   13      116 1266874889.670122400 19144  C  WS 108 + 1 [0]
  1,0   13      117 1266874889.670122705 19144  C  WS 109 + 1 [0]
  1,0   13      118 1266874889.670123388 19144  C  WS 110 + 1 [0]
  1,0   13      119 1266874889.670123775 19144  C  WS 10347 + 1 [0]
  1,0   13      120 1266874889.670124063 19144  C  WS 10348 + 1 [0]
  1,0   13      121 1266874889.670124418 19144  C  WS 10349 + 1 [0]
  1,0   13      122 1266874889.670124741 19144  C  WS 10350 + 1 [0]
  1,0   13      123 1266874889.670125188 19144  C  WS 114 + 1 [0]
  1,0   13      124 1266874889.670125489 19144  C  WS 115 + 1 [0]
  1,0   13      125 1266874889.670125822 19144  C  WS 116 + 1 [0]
  1,0   13      126 1266874889.670126135 19144  C  WS 117 + 1 [0]
  1,0   13      127 1266874889.670126590 19144  C  WS 10354 + 1 [0]
  1,0   13      128 1266874889.670126908 19144  C  WS 10355 + 1 [0]
  1,0   13      129 1266874889.670127231 19144  C  WS 10356 + 1 [0]
  1,0   13      130 1266874889.670127547 19144  C  WS 10357 + 1 [0]
  1,0   13      131 1266874889.670127977 19144  C  WS 120 + 1 [0]
  1,0   13      132 1266874889.670128390 19144  C  WS 121 + 1 [0]
  1,0   13      133 1266874889.670128677 19144  C  WS 122 + 1 [0]
  1,0   13      134 1266874889.670129382 19144  C  WS 123 + 1 [0]
  1,0   13      135 1266874889.670129694 19144  C  WS 124 + 1 [0]
  1,0   13      136 1266874889.670130092 19144  C  WS 10360 + 1 [0]
  1,0   13      137 1266874889.670130378 19144  C  WS 10361 + 1 [0]
  1,0   13      138 1266874889.670130692 19144  C  WS 10362 + 1 [0]
  1,0   13      139 1266874889.670131023 19144  C  WS 10363 + 1 [0]
  1,0   13      140 1266874889.670131351 19144  C  WS 10364 + 1 [0]
  1,0   13      141 1266874889.670131814 19144  C  WS 127 + 1 [0]
  1,0   13      142 1266874889.670132168 19144  C  WS 128 + 1 [0]
  1,0   13      143 1266874889.670132482 19144  C  WS 129 + 1 [0]
  1,0   13      144 1266874889.670132798 19144  C  WS 130 + 1 [0]
  1,0   13      145 1266874889.670133120 19144  C  WS 131 + 1 [0]
  1,0   13      146 1266874889.670133551 19144  C  WS 10367 + 1 [0]
  1,0   13      147 1266874889.670133905 19144  C  WS 10368 + 1 [0]
  1,0   13      148 1266874889.670134187 19144  C  WS 10369 + 1 [0]
  1,0   13      149 1266874889.670134501 19144  C  WS 10370 + 1 [0]
  1,0   13      150 1266874889.670134832 19144  C  WS 10371 + 1 [0]
  1,0   13      151 1266874889.670135224 19144  C  WS 134 + 1 [0]
  1,0   13      152 1266874889.670135610 19144  C  WS 135 + 1 [0]
  1,0   13      153 1266874889.670135988 19144  C  WS 136 + 1 [0]
  1,0   13      154 1266874889.670136333 19144  C  WS 137 + 1 [0]
  1,0   13      155 1266874889.670136966 19144  C  WS 138 + 1 [0]
  1,0   13      156 1266874889.670137324 19144  C  WS 10374 + 1 [0]
  1,0   13      157 1266874889.670137694 19144  C  WS 10375 + 1 [0]
  1,0   13      158 1266874889.670138041 19144  C  WS 10376 + 1 [0]
  1,0   13      159 1266874889.670138327 19144  C  WS 10377 + 1 [0]
  1,0   13      160 1266874889.670138657 19144  C  WS 10378 + 1 [0]
  1,0   13      161 1266874889.670138979 19144  C  WS 141 + 1 [0]
  1,0   13      162 1266874889.670139361 19144  C  WS 142 + 1 [0]
  1,0   13      163 1266874889.670139765 19144  C  WS 143 + 1 [0]
  1,0   13      164 1266874889.670140114 19144  C  WS 144 + 1 [0]
  1,0   13      165 1266874889.670140425 19144  C  WS 145 + 1 [0]
  1,0   13      166 1266874889.670140743 19144  C  WS 10381 + 1 [0]
  1,0   13      167 1266874889.670141061 19144  C  WS 10382 + 1 [0]
  1,0   13      168 1266874889.670141439 19144  C  WS 10383 + 1 [0]
  1,0   13      169 1266874889.670141787 19144  C  WS 10384 + 1 [0]
  1,0   13      170 1266874889.670142134 19144  C  WS 10385 + 1 [0]
  1,0   13      171 1266874889.670212574 19144  C  WS 20512 + 1 [0]
  1,0   13      172 1266874889.670212969 19144  C  WS 20513 + 1 [0]
  1,0   13      173 1266874889.670213319 19144  C  WS 20514 + 1 [0]
  1,0   13      174 1266874889.670213639 19144  C  WS 20515 + 1 [0]
  1,0   13      175 1266874889.670214504 19144  C  WS 160 + 1 [0]
  1,0   13      176 1266874889.670214872 19144  C  WS 10400 + 1 [0]
  1,0   13      177 1266874889.670217675 19144  C  WS 284160 + 1 [0]
  1,0   13      178 1266874889.670219328 19144  C  WS 20513 + 1 [0]
  1,0   13      179 1266874889.670237470 19144  C  WS 284176 + 1 [0]
  1,0   13      180 1266874889.670238750 19144  C  WS 20513 + 1 [0]
  1,0   13      181 1266874889.670239235 19144  C  WS 160 + 1 [0]
  1,0   13      182 1266874889.670239585 19144  C  WS 10400 + 1 [0]
  1,0   13      183 1266874889.670370290 19144  C  WS 284224 + 1 [0]
  1,0   13      184 1266874889.670371990 19144  C  WS 20512 + 1 [0]
  1,0   13      185 1266874889.670372543 19144  C  WS 160 + 1 [0]
  1,0   13      186 1266874889.670372848 19144  C  WS 10400 + 1 [0]
  1,0   13      187 1266874889.670418466 19144  C  WS 20513 + 1 [0]
  1,0   13      188 1266874889.670418850 19144  C  WS 20512 + 1 [0]
  1,0   13      189 1266874889.670419577 19144  C  WS 160 + 1 [0]
  1,0   13      190 1266874889.670419889 19144  C  WS 10400 + 1 [0]
  1,0   13      191 1266874889.670422003 19144  C  WS 284240 + 1 [0]
  1,0   13      192 1266874889.670423170 19144  C  WS 20513 + 1 [0]
  1,0   13      193 1266874889.670441178 19144  C  WS 284256 + 1 [0]
  1,0   13      194 1266874889.670442413 19144  C  WS 20513 + 1 [0]
  1,0   13      195 1266874889.670442898 19144  C  WS 160 + 1 [0]
  1,0   13      196 1266874889.670443241 19144  C  WS 10400 + 1 [0]
  1,0   15       24     0.030248945 19146  C  WS 313472 + 1 [0]
  1,0   15       25     0.030251931 19146  C  WS 20513 + 1 [0]
  1,0   15       26     0.030252828 19146  C  WS 168 + 1 [0]
  1,0   15       27     0.030253419 19146  C  WS 10408 + 1 [0]
  1,0   15       28     0.030253889 19146  C  WS 160 + 1 [0]
  1,0   15       29     0.030254186 19146  C  WS 161 + 1 [0]
  1,0   15       30     0.030254577 19146  C  WS 162 + 1 [0]
  1,0   15       31     0.030254908 19146  C  WS 163 + 1 [0]
  1,0   15       32     0.030255229 19146  C  WS 164 + 1 [0]
  1,0   15       33     0.030255599 19146  C  WS 10400 + 1 [0]
  1,0   15       34     0.030255905 19146  C  WS 10401 + 1 [0]
  1,0   15       35     0.030256210 19146  C  WS 10402 + 1 [0]
  1,0   15       36     0.030256519 19146  C  WS 10403 + 1 [0]
  1,0   15       37     0.030256833 19146  C  WS 10404 + 1 [0]
  1,0   15       38     0.030257167 19146  C  WS 169 + 1 [0]
  1,0   15       39     0.030257497 19146  C  WS 10409 + 1 [0]
  1,0   15       40     0.030257797 19146  C  WS 170 + 1 [0]
  1,0   15       41     0.030258161 19146  C  WS 10410 + 1 [0]
  1,0   15       42     0.030258468 19146  C  WS 171 + 1 [0]
  1,0   15       43     0.030258848 19146  C  WS 10411 + 1 [0]
  1,0   15       44     0.030259226 19146  C  WS 172 + 1 [0]
  1,0   15       45     0.030259763 19146  C  WS 10412 + 1 [0]
  1,0   15       46     0.030260077 19146  C  WS 173 + 1 [0]
  1,0   15       47     0.030260458 19146  C  WS 10413 + 1 [0]
  1,0   15       48     0.030260754 19146  C  WS 174 + 1 [0]
  1,0   15       49     0.030261130 19146  C  WS 10414 + 1 [0]
  1,0   15       50     0.030261504 19146  C  WS 175 + 1 [0]
  1,0   15       51     0.030261828 19146  C  WS 10415 + 1 [0]
  1,0   15       52     0.030299522 19146  C  WS 20512 + 1 [0]
  1,0   15       53     0.030300447 19146  C  WS 175 + 1 [0]
  1,0   15       54     0.030300879 19146  C  WS 10415 + 1 [0]
  1,0   15       55     0.030303470 19146  C  WS 284240 + 1 [0]
  1,0   15       56     0.030304574 19146  C  WS 20513 + 1 [0]
  1,0   15       57     0.060008035 19146  C  WS 327440 + 1 [0]
  1,0   15       58     0.060010719 19146  C  WS 20513 + 1 [0]
  1,0   15       59     0.060011598 19146  C  WS 175 + 1 [0]
  1,0   15       60     0.060012177 19146  C  WS 10415 + 1 [0]
  1,0   15       61     0.060012568 19146  C  WS 164 + 1 [0]
  1,0   15       62     0.060012889 19146  C  WS 165 + 1 [0]
  1,0   15       63     0.060013192 19146  C  WS 166 + 1 [0]
  1,0   15       64     0.060013773 19146  C  WS 167 + 1 [0]
  1,0   15       65     0.060014093 19146  C  WS 168 + 1 [0]
  1,0   15       66     0.060014451 19146  C  WS 169 + 1 [0]
  1,0   15       67     0.060014758 19146  C  WS 170 + 1 [0]
  1,0   15       68     0.060015070 19146  C  WS 171 + 1 [0]
  1,0   15       69     0.060015514 19146  C  WS 10404 + 1 [0]
  1,0   15       70     0.060015775 19146  C  WS 10405 + 1 [0]
  1,0   15       71     0.060016072 19146  C  WS 10406 + 1 [0]
  1,0   15       72     0.060016469 19146  C  WS 10407 + 1 [0]
  1,0   15       73     0.060016787 19146  C  WS 10408 + 1 [0]
  1,0   15       74     0.060017127 19146  C  WS 10409 + 1 [0]
  1,0   15       75     0.060017385 19146  C  WS 10410 + 1 [0]
  1,0   15       76     0.060017690 19146  C  WS 10411 + 1 [0]
  1,0   15       77     0.060018005 19146  C  WS 176 + 1 [0]
  1,0   15       78     0.060018344 19146  C  WS 10416 + 1 [0]
  1,0   15       79     0.060018647 19146  C  WS 177 + 1 [0]
  1,0   15       80     0.060018960 19146  C  WS 10417 + 1 [0]
  1,0   15       81     0.060019485 19146  C  WS 178 + 1 [0]
  1,0   15       82     0.060019783 19146  C  WS 10418 + 1 [0]
  1,0   15       83     0.060020098 19146  C  WS 179 + 1 [0]
  1,0   15       84     0.060020457 19146  C  WS 10419 + 1 [0]
  1,0   15       85     0.060020768 19146  C  WS 180 + 1 [0]
  1,0   15       86     0.060021154 19146  C  WS 10420 + 1 [0]
  1,0   15       87     0.060021470 19146  C  WS 181 + 1 [0]
  1,0   15       88     0.060021807 19146  C  WS 10421 + 1 [0]
  1,0   15       89     0.060063229 19146  C  WS 20512 + 1 [0]
  1,0   15       90     0.060064235 19146  C  WS 181 + 1 [0]
  1,0   15       91     0.060064577 19146  C  WS 10421 + 1 [0]
  1,0   15       92     0.060067114 19146  C  WS 284240 + 1 [0]
  1,0   15       93     0.060068538 19146  C  WS 20513 + 1 [0]
  1,0   15       94     0.089525769 19146  C  WS 341440 + 1 [0]
  1,0   15       95     0.089528746 19146  C  WS 20513 + 1 [0]
  1,0   15       96     0.089529598 19146  C  WS 181 + 1 [0]
  1,0   15       97     0.089530271 19146  C  WS 10421 + 1 [0]
  1,0   15       98     0.089530601 19146  C  WS 182 + 1 [0]
  1,0   15       99     0.089530994 19146  C  WS 10422 + 1 [0]
  1,0   15      100     0.089531504 19146  C  WS 171 + 1 [0]
  1,0   15      101     0.089531784 19146  C  WS 172 + 1 [0]
  1,0   15      102     0.089532386 19146  C  WS 173 + 1 [0]
  1,0   15      103     0.089532751 19146  C  WS 174 + 1 [0]
  1,0   15      104     0.089533195 19146  C  WS 175 + 1 [0]
  1,0   15      105     0.089533532 19146  C  WS 176 + 1 [0]
  1,0   15      106     0.089533829 19146  C  WS 177 + 1 [0]
  1,0   15      107     0.089534451 19146  C  WS 178 + 1 [0]
  1,0   15      108     0.089534933 19146  C  WS 10411 + 1 [0]
  1,0   15      109     0.089535219 19146  C  WS 10412 + 1 [0]
  1,0   15      110     0.089535575 19146  C  WS 10413 + 1 [0]
  1,0   15      111     0.089535882 19146  C  WS 10414 + 1 [0]
  1,0   15      112     0.089536260 19146  C  WS 10415 + 1 [0]
  1,0   15      113     0.089536594 19146  C  WS 10416 + 1 [0]
  1,0   15      114     0.089536862 19146  C  WS 10417 + 1 [0]
  1,0   15      115     0.089537167 19146  C  WS 10418 + 1 [0]
  1,0   15      116     0.089537575 19146  C  WS 183 + 1 [0]
  1,0   15      117     0.089537932 19146  C  WS 10423 + 1 [0]
  1,0   15      118     0.089538310 19146  C  WS 184 + 1 [0]
  1,0   15      119     0.089538674 19146  C  WS 10424 + 1 [0]
  1,0   15      120     0.089538981 19146  C  WS 185 + 1 [0]
  1,0   15      121     0.089539330 19146  C  WS 10425 + 1 [0]
  1,0   15      122     0.089539660 19146  C  WS 186 + 1 [0]
  1,0   15      123     0.089540046 19146  C  WS 10426 + 1 [0]
  1,0   15      124     0.089540368 19146  C  WS 187 + 1 [0]
  1,0   15      125     0.089540672 19146  C  WS 10427 + 1 [0]
  1,0   15      126     0.089541008 19146  C  WS 188 + 1 [0]
  1,0   15      127     0.089541320 19146  C  WS 10428 + 1 [0]
  1,0   15      128     0.089578317 19146  C  WS 20512 + 1 [0]
  1,0   15      129     0.089581841 19146  C  WS 284240 + 1 [0]
  1,0   15      130     0.089582943 19146  C  WS 20513 + 1 [0]
  1,0   15      131     0.118863054 19146  C  WS 355408 + 1 [0]
  1,0   15      132     0.118865649 19146  C  WS 20513 + 1 [0]
  1,0   15      133     0.118866427 19146  C  WS 188 + 1 [0]
  1,0   15      134     0.118866974 19146  C  WS 10428 + 1 [0]
  1,0   15      135     0.118867467 19146  C  WS 178 + 1 [0]
  1,0   15      136     0.118867742 19146  C  WS 179 + 1 [0]
  1,0   15      137     0.118868054 19146  C  WS 180 + 1 [0]
  1,0   15      138     0.118868460 19146  C  WS 181 + 1 [0]
  1,0   15      139     0.118868766 19146  C  WS 182 + 1 [0]
  1,0   15      140     0.118869220 19146  C  WS 183 + 1 [0]
  1,0   15      141     0.118869505 19146  C  WS 184 + 1 [0]
  1,0   15      142     0.118869939 19146  C  WS 10418 + 1 [0]
  1,0   15      143     0.118870200 19146  C  WS 10419 + 1 [0]
  1,0   15      144     0.118870508 19146  C  WS 10420 + 1 [0]
  1,0   15      145     0.118870877 19146  C  WS 10421 + 1 [0]
  1,0   15      146     0.118871237 19146  C  WS 10422 + 1 [0]
  1,0   15      147     0.118871604 19146  C  WS 10423 + 1 [0]
  1,0   15      148     0.118871951 19146  C  WS 10424 + 1 [0]
  1,0   15      149     0.118872280 19146  C  WS 189 + 1 [0]
  1,0   15      150     0.118872644 19146  C  WS 10429 + 1 [0]
  1,0   15      151     0.118873037 19146  C  WS 190 + 1 [0]
  1,0   15      152     0.118873356 19146  C  WS 10430 + 1 [0]
  1,0   15      153     0.118873950 19146  C  WS 191 + 1 [0]
  1,0   15      154     0.118874298 19146  C  WS 10431 + 1 [0]
  1,0   15      155     0.118874580 19146  C  WS 192 + 1 [0]
  1,0   15      156     0.118874930 19146  C  WS 10432 + 1 [0]
  1,0   15      157     0.118875258 19146  C  WS 193 + 1 [0]
  1,0   15      158     0.118875726 19146  C  WS 10433 + 1 [0]
  1,0   15      159     0.118876027 19146  C  WS 194 + 1 [0]
  1,0   15      160     0.118876325 19146  C  WS 10434 + 1 [0]
  1,0   15      161     0.118876656 19146  C  WS 195 + 1 [0]
  1,0   15      162     0.118876957 19146  C  WS 10435 + 1 [0]
  1,0   15      163     0.118916019 19146  C  WS 20512 + 1 [0]
  1,0   15      164     0.118917125 19146  C  WS 195 + 1 [0]
  1,0   15      165     0.118917604 19146  C  WS 10435 + 1 [0]
  1,0   15      166     0.118920447 19146  C  WS 284240 + 1 [0]
  1,0   15      167     0.118921632 19146  C  WS 20513 + 1 [0]
  1,0   15      168     0.148118279 19146  C  WS 369360 + 1 [0]
  1,0   15      169     0.148120924 19146  C  WS 20513 + 1 [0]
  1,0   15      170     0.148121876 19146  C  WS 195 + 1 [0]
  1,0   15      171     0.148122522 19146  C  WS 10435 + 1 [0]
  1,0   15      172     0.148122850 19146  C  WS 184 + 1 [0]
  1,0   15      173     0.148123241 19146  C  WS 185 + 1 [0]
  1,0   15      174     0.148123915 19146  C  WS 186 + 1 [0]
  1,0   15      175     0.148124265 19146  C  WS 187 + 1 [0]
  1,0   15      176     0.148124625 19146  C  WS 188 + 1 [0]
  1,0   15      177     0.148124940 19146  C  WS 189 + 1 [0]
  1,0   15      178     0.148125305 19146  C  WS 190 + 1 [0]
  1,0   15      179     0.148125698 19146  C  WS 191 + 1 [0]
  1,0   15      180     0.148126035 19146  C  WS 10424 + 1 [0]
  1,0   15      181     0.148126359 19146  C  WS 10425 + 1 [0]
  1,0   15      182     0.148126740 19146  C  WS 10426 + 1 [0]
  1,0   15      183     0.148127035 19146  C  WS 10427 + 1 [0]
  1,0   15      184     0.148127409 19146  C  WS 10428 + 1 [0]
  1,0   15      185     0.148127710 19146  C  WS 10429 + 1 [0]
  1,0   15      186     0.148128077 19146  C  WS 10430 + 1 [0]
  1,0   15      187     0.148128461 19146  C  WS 10431 + 1 [0]
  1,0   15      188     0.148128892 19146  C  WS 196 + 1 [0]
  1,0   15      189     0.148129210 19146  C  WS 10436 + 1 [0]
  1,0   15      190     0.148129838 19146  C  WS 197 + 1 [0]
  1,0   15      191     0.148130203 19146  C  WS 10437 + 1 [0]
  1,0   15      192     0.148130562 19146  C  WS 198 + 1 [0]
  1,0   15      193     0.148130909 19146  C  WS 10438 + 1 [0]
  1,0   15      194     0.148131540 19146  C  WS 199 + 1 [0]
  1,0   15      195     0.148131949 19146  C  WS 10439 + 1 [0]
  1,0   15      196     0.148132287 19146  C  WS 200 + 1 [0]
  1,0   15      197     0.148132664 19146  C  WS 10440 + 1 [0]
  1,0   15      198     0.148132961 19146  C  WS 201 + 1 [0]
  1,0   15      199     0.148133259 19146  C  WS 10441 + 1 [0]
  1,0   15      200     0.148133580 19146  C  WS 202 + 1 [0]
  1,0   15      201     0.148133865 19146  C  WS 10442 + 1 [0]
  1,0   15      202     0.148175470 19146  C  WS 20512 + 1 [0]
  1,0   15      203     0.148176505 19146  C  WS 202 + 1 [0]
  1,0   15      204     0.148176859 19146  C  WS 10442 + 1 [0]
  1,0   15      205     0.148179531 19146  C  WS 284240 + 1 [0]
  1,0   15      206     0.148180733 19146  C  WS 20513 + 1 [0]
  1,0   15      207     0.178234869 19146  C  WS 383344 + 1 [0]
  1,0   15      208     0.178237681 19146  C  WS 20514 + 1 [0]
  1,0   15      209     0.178238616 19146  C  WS 202 + 1 [0]
  1,0   15      210     0.178239170 19146  C  WS 10442 + 1 [0]
  1,0   15      211     0.178239746 19146  C  WS 191 + 1 [0]
  1,0   15      212     0.178240175 19146  C  WS 192 + 1 [0]
  1,0   15      213     0.178240495 19146  C  WS 193 + 1 [0]
  1,0   15      214     0.178240845 19146  C  WS 194 + 1 [0]
  1,0   15      215     0.178241158 19146  C  WS 195 + 1 [0]
  1,0   15      216     0.178241450 19146  C  WS 196 + 1 [0]
  1,0   15      217     0.178241834 19146  C  WS 197 + 1 [0]
  1,0   15      218     0.178242212 19146  C  WS 198 + 1 [0]
  1,0   15      219     0.178242680 19146  C  WS 10431 + 1 [0]
  1,0   15      220     0.178243012 19146  C  WS 10432 + 1 [0]
  1,0   15      221     0.178243271 19146  C  WS 10433 + 1 [0]
  1,0   15      222     0.178243573 19146  C  WS 10434 + 1 [0]
  1,0   15      223     0.178243894 19146  C  WS 10435 + 1 [0]
  1,0   15      224     0.178244220 19146  C  WS 10436 + 1 [0]
  1,0   15      225     0.178244521 19146  C  WS 10437 + 1 [0]
  1,0   15      226     0.178244848 19146  C  WS 10438 + 1 [0]
  1,0   15      227     0.178245182 19146  C  WS 203 + 1 [0]
  1,0   15      228     0.178245527 19146  C  WS 10443 + 1 [0]
  1,0   15      229     0.178245824 19146  C  WS 204 + 1 [0]
  1,0   15      230     0.178246180 19146  C  WS 10444 + 1 [0]
  1,0   15      231     0.178246505 19146  C  WS 205 + 1 [0]
  1,0   15      232     0.178246810 19146  C  WS 10445 + 1 [0]
  1,0   15      233     0.178247134 19146  C  WS 206 + 1 [0]
  1,0   15      234     0.178247463 19146  C  WS 10446 + 1 [0]
  1,0   15      235     0.178247840 19146  C  WS 207 + 1 [0]
  1,0   15      236     0.178248170 19146  C  WS 10447 + 1 [0]
  1,0   15      237     0.178248450 19146  C  WS 208 + 1 [0]
  1,0   15      238     0.178248772 19146  C  WS 10448 + 1 [0]
  1,0   15      239     0.178249054 19146  C  WS 209 + 1 [0]
  1,0   15      240     0.178249308 19146  C  WS 10449 + 1 [0]
  1,0   15      241     0.178288533 19146  C  WS 20512 + 1 [0]
  1,0   15      242     0.178288977 19146  C  WS 20513 + 1 [0]
  1,0   15      243     0.178292159 19146  C  WS 284240 + 2 [0]
  1,0   15      244     0.178293325 19146  C  WS 20513 + 1 [0]
  1,0   15      245     0.208124210 19146  C  WS 397280 + 1 [0]
  1,0   15      246     0.208127113 19146  C  WS 20514 + 1 [0]
  1,0   15      247     0.208128182 19146  C  WS 209 + 1 [0]
  1,0   15      248     0.208128733 19146  C  WS 10449 + 1 [0]
  1,0   15      249     0.208129304 19146  C  WS 198 + 1 [0]
  1,0   15      250     0.208129837 19146  C  WS 199 + 1 [0]
  1,0   15      251     0.208130258 19146  C  WS 200 + 1 [0]
  1,0   15      252     0.208130564 19146  C  WS 201 + 1 [0]
  1,0   15      253     0.208130910 19146  C  WS 202 + 1 [0]
  1,0   15      254     0.208131252 19146  C  WS 203 + 1 [0]
  1,0   15      255     0.208131647 19146  C  WS 204 + 1 [0]
  1,0   15      256     0.208132123 19146  C  WS 205 + 1 [0]
  1,0   15      257     0.208132678 19146  C  WS 10438 + 1 [0]
  1,0   15      258     0.208133122 19146  C  WS 10439 + 1 [0]
  1,0   15      259     0.208133625 19146  C  WS 10440 + 1 [0]
  1,0   15      260     0.208133985 19146  C  WS 10441 + 1 [0]
  1,0   15      261     0.208134346 19146  C  WS 10442 + 1 [0]
  1,0   15      262     0.208134661 19146  C  WS 10443 + 1 [0]
  1,0   15      263     0.208135006 19146  C  WS 10444 + 1 [0]
  1,0   15      264     0.208135425 19146  C  WS 10445 + 1 [0]
  1,0   15      265     0.208136023 19146  C  WS 210 + 1 [0]
  1,0   15      266     0.208136430 19146  C  WS 10450 + 1 [0]
  1,0   15      267     0.208136811 19146  C  WS 211 + 1 [0]
  1,0   15      268     0.208137142 19146  C  WS 10451 + 1 [0]
  1,0   15      269     0.208137548 19146  C  WS 212 + 1 [0]
  1,0   15      270     0.208138009 19146  C  WS 10452 + 1 [0]
  1,0   15      271     0.208138350 19146  C  WS 213 + 1 [0]
  1,0   15      272     0.208138735 19146  C  WS 10453 + 1 [0]
  1,0   15      273     0.208139085 19146  C  WS 214 + 1 [0]
  1,0   15      274     0.208139445 19146  C  WS 10454 + 1 [0]
  1,0   15      275     0.208139883 19146  C  WS 215 + 1 [0]
  1,0   15      276     0.208140288 19146  C  WS 10455 + 1 [0]
  1,0   15      277     0.208140749 19146  C  WS 216 + 1 [0]
  1,0   15      278     0.208141109 19146  C  WS 10456 + 1 [0]
  1,0   15      279     0.208186704 19146  C  WS 20512 + 1 [0]
  1,0   15      280     0.208187886 19146  C  WS 216 + 1 [0]
  1,0   15      281     0.208188337 19146  C  WS 10456 + 1 [0]
  1,0   15      282     0.208191225 19146  C  WS 284241 + 1 [0]
  1,0   15      283     0.208192743 19146  C  WS 20513 + 1 [0]
  1,0   15      284     0.238859442 19146  C  WS 411264 + 1 [0]
  1,0   15      285     0.238862346 19146  C  WS 20514 + 1 [0]
  1,0   15      286     0.238863478 19146  C  WS 216 + 1 [0]
  1,0   15      287     0.238864061 19146  C  WS 10456 + 1 [0]
  1,0   15      288     0.238864960 19146  C  WS 205 + 1 [0]
  1,0   15      289     0.238865294 19146  C  WS 206 + 1 [0]
  1,0   15      290     0.238865736 19146  C  WS 207 + 1 [0]
  1,0   15      291     0.238866270 19146  C  WS 208 + 1 [0]
  1,0   15      292     0.238866594 19146  C  WS 209 + 1 [0]
  1,0   15      293     0.238866942 19146  C  WS 210 + 1 [0]
  1,0   15      294     0.238867322 19146  C  WS 211 + 1 [0]
  1,0   15      295     0.238867708 19146  C  WS 212 + 1 [0]
  1,0   15      296     0.238868269 19146  C  WS 10445 + 1 [0]
  1,0   15      297     0.238868638 19146  C  WS 10446 + 1 [0]
  1,0   15      298     0.238869109 19146  C  WS 10447 + 1 [0]
  1,0   15      299     0.238869569 19146  C  WS 10448 + 1 [0]
  1,0   15      300     0.238869907 19146  C  WS 10449 + 1 [0]
  1,0   15      301     0.238870273 19146  C  WS 10450 + 1 [0]
  1,0   15      302     0.238870785 19146  C  WS 10451 + 1 [0]
  1,0   15      303     0.238871179 19146  C  WS 10452 + 1 [0]
  1,0   15      304     0.238871601 19146  C  WS 217 + 1 [0]
  1,0   15      305     0.238871975 19146  C  WS 10457 + 1 [0]
  1,0   15      306     0.238872329 19146  C  WS 218 + 1 [0]
  1,0   15      307     0.238872771 19146  C  WS 10458 + 1 [0]
  1,0   15      308     0.238873101 19146  C  WS 219 + 1 [0]
  1,0   15      309     0.238873442 19146  C  WS 10459 + 1 [0]
  1,0   15      310     0.238873787 19146  C  WS 220 + 1 [0]
  1,0   15      311     0.238874155 19146  C  WS 10460 + 1 [0]
  1,0   15      312     0.238874494 19146  C  WS 221 + 1 [0]
  1,0   15      313     0.238874856 19146  C  WS 10461 + 1 [0]
  1,0   15      314     0.238875201 19146  C  WS 222 + 1 [0]
  1,0   15      315     0.238875536 19146  C  WS 10462 + 1 [0]
  1,0   15      316     0.238918455 19146  C  WS 20512 + 1 [0]
  1,0   15      317     0.238921975 19146  C  WS 284241 + 1 [0]
  1,0   15      318     0.238923416 19146  C  WS 20513 + 1 [0]
  1,0   15      319     0.272651838 19146  C  WS 425152 + 1 [0]
  1,0   15      320     0.272654680 19146  C  WS 20514 + 1 [0]
  1,0   15      321     0.272656027 19146  C  WS 222 + 1 [0]
  1,0   15      322     0.272656696 19146  C  WS 10462 + 1 [0]
  1,0   15      323     0.272657229 19146  C  WS 212 + 1 [0]
  1,0   15      324     0.272657544 19146  C  WS 213 + 1 [0]
  1,0   15      325     0.272658238 19146  C  WS 214 + 1 [0]
  1,0   15      326     0.272658662 19146  C  WS 215 + 1 [0]
  1,0   15      327     0.272659046 19146  C  WS 216 + 1 [0]
  1,0   15      328     0.272659380 19146  C  WS 217 + 1 [0]
  1,0   15      329     0.272659748 19146  C  WS 218 + 1 [0]
  1,0   15      330     0.272660157 19146  C  WS 219 + 1 [0]
  1,0   15      331     0.272660681 19146  C  WS 10452 + 1 [0]
  1,0   15      332     0.272661001 19146  C  WS 10453 + 1 [0]
  1,0   15      333     0.272661341 19146  C  WS 10454 + 1 [0]
  1,0   15      334     0.272661755 19146  C  WS 10455 + 1 [0]
  1,0   15      335     0.272662128 19146  C  WS 10456 + 1 [0]
  1,0   15      336     0.272662457 19146  C  WS 10457 + 1 [0]
  1,0   15      337     0.272662801 19146  C  WS 10458 + 1 [0]
  1,0   15      338     0.272663141 19146  C  WS 10459 + 1 [0]
  1,0   15      339     0.272663583 19146  C  WS 223 + 1 [0]
  1,0   15      340     0.272663972 19146  C  WS 10463 + 1 [0]
  1,0   15      341     0.272664447 19146  C  WS 224 + 1 [0]
  1,0   15      342     0.272664827 19146  C  WS 10464 + 1 [0]
  1,0   15      343     0.272665167 19146  C  WS 225 + 1 [0]
  1,0   15      344     0.272665563 19146  C  WS 10465 + 1 [0]
  1,0   15      345     0.272665922 19146  C  WS 226 + 1 [0]
  1,0   15      346     0.272666294 19146  C  WS 10466 + 1 [0]
  1,0   15      347     0.272666659 19146  C  WS 227 + 1 [0]
  1,0   15      348     0.272667043 19146  C  WS 10467 + 1 [0]
  1,0   15      349     0.272667381 19146  C  WS 228 + 1 [0]
  1,0   15      350     0.272667755 19146  C  WS 10468 + 1 [0]
  1,0   15      351     0.272668131 19146  C  WS 229 + 1 [0]
  1,0   15      352     0.272668508 19146  C  WS 10469 + 1 [0]
  1,0   15      353     0.272711501 19146  C  WS 20512 + 1 [0]
  1,0   15      354     0.272712754 19146  C  WS 229 + 1 [0]
  1,0   15      355     0.272713197 19146  C  WS 10469 + 1 [0]
  1,0   15      356     0.272716144 19146  C  WS 284241 + 1 [0]
  1,0   15      357     0.272717632 19146  C  WS 20513 + 1 [0]
  1,0   15      358     0.307084482 19146  C  WS 439184 + 1 [0]
  1,0   15      359     0.307087379 19146  C  WS 20514 + 1 [0]
  1,0   15      360     0.307088546 19146  C  WS 229 + 1 [0]
  1,0   15      361     0.307089086 19146  C  WS 10469 + 1 [0]
  1,0   15      362     0.307089876 19146  C  WS 219 + 1 [0]
  1,0   15      363     0.307090197 19146  C  WS 220 + 1 [0]
  1,0   15      364     0.307090644 19146  C  WS 221 + 1 [0]
  1,0   15      365     0.307091047 19146  C  WS 222 + 1 [0]
  1,0   15      366     0.307091543 19146  C  WS 223 + 1 [0]
  1,0   15      367     0.307091968 19146  C  WS 224 + 1 [0]
  1,0   15      368     0.307092322 19146  C  WS 225 + 1 [0]
  1,0   15      369     0.307092735 19146  C  WS 10459 + 1 [0]
  1,0   15      370     0.307093117 19146  C  WS 10460 + 1 [0]
  1,0   15      371     0.307093430 19146  C  WS 10461 + 1 [0]
  1,0   15      372     0.307093769 19146  C  WS 10462 + 1 [0]
  1,0   15      373     0.307094176 19146  C  WS 10463 + 1 [0]
  1,0   15      374     0.307094619 19146  C  WS 10464 + 1 [0]
  1,0   15      375     0.307094993 19146  C  WS 10465 + 1 [0]
  1,0   15      376     0.307095567 19146  C  WS 230 + 1 [0]
  1,0   15      377     0.307095905 19146  C  WS 10470 + 1 [0]
  1,0   15      378     0.307096314 19146  C  WS 231 + 1 [0]
  1,0   15      379     0.307096675 19146  C  WS 10471 + 1 [0]
  1,0   15      380     0.307096984 19146  C  WS 232 + 1 [0]
  1,0   15      381     0.307097328 19146  C  WS 10472 + 1 [0]
  1,0   15      382     0.307097663 19146  C  WS 233 + 1 [0]
  1,0   15      383     0.307097994 19146  C  WS 10473 + 1 [0]
  1,0   15      384     0.307098337 19146  C  WS 234 + 1 [0]
  1,0   15      385     0.307098682 19146  C  WS 10474 + 1 [0]
  1,0   15      386     0.307099021 19146  C  WS 235 + 1 [0]
  1,0   15      387     0.307099370 19146  C  WS 10475 + 1 [0]
  1,0   15      388     0.307099755 19146  C  WS 236 + 1 [0]
  1,0   15      389     0.307100090 19146  C  WS 10476 + 1 [0]
  1,0   15      390     0.307145414 19146  C  WS 20512 + 1 [0]
  1,0   15      391     0.307148958 19146  C  WS 284241 + 1 [0]
  1,0   15      392     0.307150407 19146  C  WS 20513 + 1 [0]
  1,0   15      393     0.339945039 19146  C  WS 453168 + 1 [0]
  1,0   15      394     0.339947622 19146  C  WS 20514 + 1 [0]
  1,0   15      395     0.339948476 19146  C  WS 236 + 1 [0]
  1,0   15      396     0.339949291 19146  C  WS 10476 + 1 [0]
  1,0   15      397     0.339949798 19146  C  WS 225 + 1 [0]
  1,0   15      398     0.339950167 19146  C  WS 226 + 1 [0]
  1,0   15      399     0.339950478 19146  C  WS 227 + 1 [0]
  1,0   15      400     0.339950787 19146  C  WS 228 + 1 [0]
  1,0   15      401     0.339951100 19146  C  WS 229 + 1 [0]
  1,0   15      402     0.339951398 19146  C  WS 230 + 1 [0]
  1,0   15      403     0.339951769 19146  C  WS 231 + 1 [0]
  1,0   15      404     0.339952124 19146  C  WS 232 + 1 [0]
  1,0   15      405     0.339952611 19146  C  WS 10465 + 1 [0]
  1,0   15      406     0.339952981 19146  C  WS 10466 + 1 [0]
  1,0   15      407     0.339953295 19146  C  WS 10467 + 1 [0]
  1,0   15      408     0.339953598 19146  C  WS 10468 + 1 [0]
  1,0   15      409     0.339953910 19146  C  WS 10469 + 1 [0]
  1,0   15      410     0.339954202 19146  C  WS 10470 + 1 [0]
  1,0   15      411     0.339954809 19146  C  WS 10471 + 1 [0]
  1,0   15      412     0.339955088 19146  C  WS 10472 + 1 [0]
  1,0   15      413     0.339955419 19146  C  WS 237 + 1 [0]
  1,0   15      414     0.339955737 19146  C  WS 10477 + 1 [0]
  1,0   15      415     0.339956051 19146  C  WS 238 + 1 [0]
  1,0   15      416     0.339956363 19146  C  WS 10478 + 1 [0]
  1,0   15      417     0.339956747 19146  C  WS 239 + 1 [0]
  1,0   15      418     0.339957079 19146  C  WS 10479 + 1 [0]
  1,0   15      419     0.339957350 19146  C  WS 240 + 1 [0]
  1,0   15      420     0.339957749 19146  C  WS 10480 + 1 [0]
  1,0   15      421     0.339958056 19146  C  WS 241 + 1 [0]
  1,0   15      422     0.339958359 19146  C  WS 10481 + 1 [0]
  1,0   15      423     0.339958666 19146  C  WS 242 + 1 [0]
  1,0   15      424     0.339958961 19146  C  WS 10482 + 1 [0]
  1,0   15      425     0.339959269 19146  C  WS 243 + 1 [0]
  1,0   15      426     0.339959594 19146  C  WS 10483 + 1 [0]
  1,0   15      427     0.339998844 19146  C  WS 20512 + 1 [0]
  1,0   15      428     0.339999854 19146  C  WS 243 + 1 [0]
  1,0   15      429     0.340000195 19146  C  WS 10483 + 1 [0]
  1,0   15      430     0.340002884 19146  C  WS 284241 + 1 [0]
  1,0   15      431     0.340004077 19146  C  WS 20513 + 1 [0]
  1,0   15      432     0.369473645 19146  C  WS 467136 + 1 [0]
  1,0   15      433     0.369476466 19146  C  WS 20514 + 1 [0]
  1,0   15      434     0.369477516 19146  C  WS 243 + 1 [0]
  1,0   15      435     0.369478199 19146  C  WS 10483 + 1 [0]
  1,0   15      436     0.369478645 19146  C  WS 232 + 1 [0]
  1,0   15      437     0.369478956 19146  C  WS 233 + 1 [0]
  1,0   15      438     0.369479311 19146  C  WS 234 + 1 [0]
  1,0   15      439     0.369479621 19146  C  WS 235 + 1 [0]
  1,0   15      440     0.369479915 19146  C  WS 236 + 1 [0]
  1,0   15      441     0.369480279 19146  C  WS 237 + 1 [0]
  1,0   15      442     0.369480631 19146  C  WS 238 + 1 [0]
  1,0   15      443     0.369480986 19146  C  WS 239 + 1 [0]
  1,0   15      444     0.369481314 19146  C  WS 10472 + 1 [0]
  1,0   15      445     0.369481703 19146  C  WS 10473 + 1 [0]
  1,0   15      446     0.369482023 19146  C  WS 10474 + 1 [0]
  1,0   15      447     0.369482343 19146  C  WS 10475 + 1 [0]
  1,0   15      448     0.369482673 19146  C  WS 10476 + 1 [0]
  1,0   15      449     0.369483349 19146  C  WS 10477 + 1 [0]
  1,0   15      450     0.369483664 19146  C  WS 10478 + 1 [0]
  1,0   15      451     0.369484056 19146  C  WS 10479 + 1 [0]
  1,0   15      452     0.369484347 19146  C  WS 244 + 1 [0]
  1,0   15      453     0.369484656 19146  C  WS 10484 + 1 [0]
  1,0   15      454     0.369484949 19146  C  WS 245 + 1 [0]
  1,0   15      455     0.369485316 19146  C  WS 10485 + 1 [0]
  1,0   15      456     0.369485615 19146  C  WS 246 + 1 [0]
  1,0   15      457     0.369485906 19146  C  WS 10486 + 1 [0]
  1,0   15      458     0.369486296 19146  C  WS 247 + 1 [0]
  1,0   15      459     0.369486676 19146  C  WS 10487 + 1 [0]
  1,0   15      460     0.369486944 19146  C  WS 248 + 1 [0]
  1,0   15      461     0.369487228 19146  C  WS 10488 + 1 [0]
  1,0   15      462     0.369487501 19146  C  WS 249 + 1 [0]
  1,0   15      463     0.369487777 19146  C  WS 10489 + 1 [0]
  1,0   15      464     0.369488102 19146  C  WS 250 + 1 [0]
  1,0   15      465     0.369488417 19146  C  WS 10490 + 1 [0]
  1,0   15      466     0.369527590 19146  C  WS 20512 + 1 [0]
  1,0   15      467     0.369528625 19146  C  WS 250 + 1 [0]
  1,0   15      468     0.369529085 19146  C  WS 10490 + 1 [0]
  1,0   15      469     0.369532012 19146  C  WS 284241 + 1 [0]
  1,0   15      470     0.369533331 19146  C  WS 20513 + 1 [0]
  1,0   15      471     0.399117517 19146  C  WS 481104 + 1 [0]
  1,0   15      472     0.399120269 19146  C  WS 20514 + 1 [0]
  1,0   15      473     0.399121187 19146  C  WS 250 + 1 [0]
  1,0   15      474     0.399121760 19146  C  WS 10490 + 1 [0]
  1,0   15      475     0.399122499 19146  C  WS 239 + 1 [0]
  1,0   15      476     0.399122964 19146  C  WS 240 + 1 [0]
  1,0   15      477     0.399123289 19146  C  WS 241 + 1 [0]
  1,0   15      478     0.399123631 19146  C  WS 242 + 1 [0]
  1,0   15      479     0.399123983 19146  C  WS 243 + 1 [0]
  1,0   15      480     0.399124344 19146  C  WS 244 + 1 [0]
  1,0   15      481     0.399124691 19146  C  WS 245 + 1 [0]
  1,0   15      482     0.399125060 19146  C  WS 246 + 1 [0]
  1,0   15      483     0.399125579 19146  C  WS 10479 + 1 [0]
  1,0   15      484     0.399125979 19146  C  WS 10480 + 1 [0]
  1,0   15      485     0.399126285 19146  C  WS 10481 + 1 [0]
  1,0   15      486     0.399126642 19146  C  WS 10482 + 1 [0]
  1,0   15      487     0.399126975 19146  C  WS 10483 + 1 [0]
  1,0   15      488     0.399127300 19146  C  WS 10484 + 1 [0]
  1,0   15      489     0.399127609 19146  C  WS 10485 + 1 [0]
  1,0   15      490     0.399127978 19146  C  WS 10486 + 1 [0]
  1,0   15      491     0.399128528 19146  C  WS 251 + 1 [0]
  1,0   15      492     0.399128886 19146  C  WS 10491 + 1 [0]
  1,0   15      493     0.399129202 19146  C  WS 252 + 1 [0]
  1,0   15      494     0.399129521 19146  C  WS 10492 + 1 [0]
  1,0   15      495     0.399129902 19146  C  WS 253 + 1 [0]
  1,0   15      496     0.399130383 19146  C  WS 10493 + 1 [0]
  1,0   15      497     0.399130682 19146  C  WS 254 + 1 [0]
  1,0   15      498     0.399131071 19146  C  WS 10494 + 1 [0]
  1,0   15      499     0.399131498 19146  C  WS 255 + 1 [0]
  1,0   15      500     0.399131847 19146  C  WS 10495 + 1 [0]
  1,0   15      501     0.399132150 19146  C  WS 256 + 1 [0]
  1,0   15      502     0.399132457 19146  C  WS 10496 + 1 [0]
  1,0   15      503     0.399173119 19146  C  WS 20512 + 1 [0]
  1,0   15      504     0.399174120 19146  C  WS 257 + 1 [0]
  1,0   15      505     0.399174513 19146  C  WS 10497 + 1 [0]
  1,0   15      506     0.399175112 19146  C  WS 256 + 1 [0]
  1,0   15      507     0.399175390 19146  C  WS 10496 + 1 [0]
  1,0   15      508     0.399178132 19146  C  WS 284241 + 1 [0]
  1,0   15      509     0.399178418 19146  C  WS 284242 + 1 [0]
  1,0   15      510     0.399179611 19146  C  WS 20513 + 1 [0]
  1,0   15      511     0.428586855 19146  C  WS 495072 + 1 [0]
  1,0   15      512     0.428589746 19146  C  WS 20515 + 1 [0]
  1,0   15      513     0.428590595 19146  C  WS 257 + 1 [0]
  1,0   15      514     0.428591047 19146  C  WS 10497 + 1 [0]
  1,0   15      515     0.428591549 19146  C  WS 246 + 1 [0]
  1,0   15      516     0.428591901 19146  C  WS 247 + 1 [0]
  1,0   15      517     0.428592331 19146  C  WS 248 + 1 [0]
  1,0   15      518     0.428592739 19146  C  WS 249 + 1 [0]
  1,0   15      519     0.428593124 19146  C  WS 250 + 1 [0]
  1,0   15      520     0.428593421 19146  C  WS 251 + 1 [0]
  1,0   15      521     0.428593738 19146  C  WS 252 + 1 [0]
  1,0   15      522     0.428594046 19146  C  WS 253 + 1 [0]
  1,0   15      523     0.428594578 19146  C  WS 10486 + 1 [0]
  1,0   15      524     0.428594910 19146  C  WS 10487 + 1 [0]
  1,0   15      525     0.428595245 19146  C  WS 10488 + 1 [0]
  1,0   15      526     0.428595524 19146  C  WS 10489 + 1 [0]
  1,0   15      527     0.428595863 19146  C  WS 10490 + 1 [0]
  1,0   15      528     0.428596268 19146  C  WS 10491 + 1 [0]
  1,0   15      529     0.428596579 19146  C  WS 10492 + 1 [0]
  1,0   15      530     0.428596908 19146  C  WS 10493 + 1 [0]
  1,0   15      531     0.428597314 19146  C  WS 258 + 1 [0]
  1,0   15      532     0.428597632 19146  C  WS 10498 + 1 [0]
  1,0   15      533     0.428597954 19146  C  WS 259 + 1 [0]
  1,0   15      534     0.428598269 19146  C  WS 10499 + 1 [0]
  1,0   15      535     0.428598606 19146  C  WS 260 + 1 [0]
  1,0   15      536     0.428598935 19146  C  WS 10500 + 1 [0]
  1,0   15      537     0.428599233 19146  C  WS 261 + 1 [0]
  1,0   15      538     0.428599577 19146  C  WS 10501 + 1 [0]
  1,0   15      539     0.428599858 19146  C  WS 262 + 1 [0]
  1,0   15      540     0.428600156 19146  C  WS 10502 + 1 [0]
  1,0   15      541     0.428600619 19146  C  WS 263 + 1 [0]
  1,0   15      542     0.428600943 19146  C  WS 10503 + 1 [0]
  1,0   15      543     0.428641417 19146  C  WS 20512 + 1 [0]
  1,0   15      544     0.428641867 19146  C  WS 20514 + 1 [0]
  1,0   15      545     0.428642804 19146  C  WS 263 + 1 [0]
  1,0   15      546     0.428643213 19146  C  WS 10503 + 1 [0]
  1,0   15      547     0.428645621 19146  C  WS 284242 + 1 [0]
  1,0   15      548     0.428646827 19146  C  WS 20513 + 1 [0]
  1,0   15      549     0.458031301 19146  C  WS 509024 + 1 [0]
  1,0   15      550     0.458033841 19146  C  WS 20515 + 1 [0]
  1,0   15      551     0.458035003 19146  C  WS 263 + 1 [0]
  1,0   15      552     0.458035553 19146  C  WS 10503 + 1 [0]
  1,0   15      553     0.458036043 19146  C  WS 253 + 1 [0]
  1,0   15      554     0.458036397 19146  C  WS 254 + 1 [0]
  1,0   15      555     0.458037032 19146  C  WS 255 + 1 [0]
  1,0   15      556     0.458037352 19146  C  WS 256 + 1 [0]
  1,0   15      557     0.458037747 19146  C  WS 257 + 1 [0]
  1,0   15      558     0.458038067 19146  C  WS 258 + 1 [0]
  1,0   15      559     0.458038383 19146  C  WS 259 + 1 [0]
  1,0   15      560     0.458038693 19146  C  WS 260 + 1 [0]
  1,0   15      561     0.458039453 19146  C  WS 10493 + 1 [0]
  1,0   15      562     0.458039776 19146  C  WS 10494 + 1 [0]
  1,0   15      563     0.458040139 19146  C  WS 10495 + 1 [0]
  1,0   15      564     0.458040606 19146  C  WS 10496 + 1 [0]
  1,0   15      565     0.458040914 19146  C  WS 10497 + 1 [0]
  1,0   15      566     0.458041202 19146  C  WS 10498 + 1 [0]
  1,0   15      567     0.458041522 19146  C  WS 10499 + 1 [0]
  1,0   15      568     0.458041911 19146  C  WS 10500 + 1 [0]
  1,0   15      569     0.458042277 19146  C  WS 264 + 1 [0]
  1,0   15      570     0.458042605 19146  C  WS 10504 + 1 [0]
  1,0   15      571     0.458042896 19146  C  WS 265 + 1 [0]
  1,0   15      572     0.458043327 19146  C  WS 10505 + 1 [0]
  1,0   15      573     0.458043590 19146  C  WS 266 + 1 [0]
  1,0   15      574     0.458043948 19146  C  WS 10506 + 1 [0]
  1,0   15      575     0.458044269 19146  C  WS 267 + 1 [0]
  1,0   15      576     0.458044576 19146  C  WS 10507 + 1 [0]
  1,0   15      577     0.458044918 19146  C  WS 268 + 1 [0]
  1,0   15      578     0.458045203 19146  C  WS 10508 + 1 [0]
  1,0   15      579     0.458045529 19146  C  WS 269 + 1 [0]
  1,0   15      580     0.458045863 19146  C  WS 10509 + 1 [0]
  1,0   15      581     0.458046198 19146  C  WS 270 + 1 [0]
  1,0   15      582     0.458046473 19146  C  WS 10510 + 1 [0]
  1,0   15      583     0.458086266 19146  C  WS 20512 + 1 [0]
  1,0   15      584     0.458089365 19146  C  WS 284242 + 1 [0]
  1,0   15      585     0.458090593 19146  C  WS 20513 + 1 [0]
  1,0   15      586     0.487414486 19146  C  WS 523008 + 1 [0]
  1,0   15      587     0.487416963 19146  C  WS 20515 + 1 [0]
  1,0   15      588     0.487418129 19146  C  WS 270 + 1 [0]
  1,0   15      589     0.487418665 19146  C  WS 10510 + 1 [0]
  1,0   15      590     0.487419479 19146  C  WS 260 + 1 [0]
  1,0   15      591     0.487419755 19146  C  WS 261 + 1 [0]
  1,0   15      592     0.487420144 19146  C  WS 262 + 1 [0]
  1,0   15      593     0.487420594 19146  C  WS 263 + 1 [0]
  1,0   15      594     0.487420873 19146  C  WS 264 + 1 [0]
  1,0   15      595     0.487421213 19146  C  WS 265 + 1 [0]
  1,0   15      596     0.487421585 19146  C  WS 266 + 1 [0]
  1,0   15      597     0.487422084 19146  C  WS 10500 + 1 [0]
  1,0   15      598     0.487422415 19146  C  WS 10501 + 1 [0]
  1,0   15      599     0.487422731 19146  C  WS 10502 + 1 [0]
  1,0   15      600     0.487423172 19146  C  WS 10503 + 1 [0]
  1,0   15      601     0.487423499 19146  C  WS 10504 + 1 [0]
  1,0   15      602     0.487423799 19146  C  WS 10505 + 1 [0]
  1,0   15      603     0.487424126 19146  C  WS 10506 + 1 [0]
  1,0   15      604     0.487424535 19146  C  WS 271 + 1 [0]
  1,0   15      605     0.487425153 19146  C  WS 10511 + 1 [0]
  1,0   15      606     0.487425442 19146  C  WS 272 + 1 [0]
  1,0   15      607     0.487425847 19146  C  WS 10512 + 1 [0]
  1,0   15      608     0.487426126 19146  C  WS 273 + 1 [0]
  1,0   15      609     0.487426431 19146  C  WS 10513 + 1 [0]
  1,0   15      610     0.487426749 19146  C  WS 274 + 1 [0]
  1,0   15      611     0.487427472 19146  C  WS 10514 + 1 [0]
  1,0   15      612     0.487427745 19146  C  WS 275 + 1 [0]
  1,0   15      613     0.487428044 19146  C  WS 10515 + 1 [0]
  1,0   15      614     0.487428351 19146  C  WS 276 + 1 [0]
  1,0   15      615     0.487428668 19146  C  WS 10516 + 1 [0]
  1,0   15      616     0.487428988 19146  C  WS 277 + 1 [0]
  1,0   15      617     0.487429284 19146  C  WS 10517 + 1 [0]
  1,0   15      618     0.487468719 19146  C  WS 20512 + 1 [0]
  1,0   15      619     0.487472008 19146  C  WS 284242 + 1 [0]
  1,0   15      620     0.487473400 19146  C  WS 20513 + 1 [0]
  1,0    1        1    30.731962683 18982  C   W 266 + 1 [0]
  1,0    1        2    30.731965907 18982  C   W 267 + 1 [0]
  1,0    1        3    30.731967467 18982  C   W 268 + 1 [0]
  1,0    1        4    30.731969081 18982  C   W 269 + 1 [0]
  1,0    1        5    30.731970615 18982  C   W 270 + 1 [0]
  1,0    1        6    30.731972309 18982  C   W 271 + 1 [0]
  1,0    1        7    30.731978394 18982  C   W 272 + 1 [0]
  1,0    1        8    30.731979918 18982  C   W 273 + 1 [0]
  1,0    1        9    30.731981860 18982  C   W 277 + 1 [0]
  1,0    1       10    30.731983463 18982  C   W 278 + 1 [0]
  1,0    1       11    30.731985157 18982  C   W 279 + 1 [0]
  1,0    1       12    30.732078992 18982  C   W 10506 + 1 [0]
  1,0    1       13    30.732080616 18982  C   W 10507 + 1 [0]
  1,0    1       14    30.732082294 18982  C   W 10508 + 1 [0]
  1,0    1       15    30.732083840 18982  C   W 10509 + 1 [0]
  1,0    1       16    30.732085403 18982  C   W 10510 + 1 [0]
  1,0    1       17    30.732087043 18982  C   W 10511 + 1 [0]
  1,0    1       18    30.732091877 18982  C   W 10512 + 1 [0]
  1,0    1       19    30.732093458 18982  C   W 10513 + 1 [0]
  1,0    1       20    30.732095315 18982  C   W 10517 + 1 [0]
  1,0    1       21    30.732096904 18982  C   W 10518 + 1 [0]
  1,0    1       22    30.732098597 18982  C   W 10519 + 1 [0]
  1,0    1       23    30.732105857 18982  C   W 20512 + 1 [0]
  1,0    1       24    30.735180154 18982  C   W 527200 + 2 [0]
